Target: 127.1.19.10
Time: 2026-04-09 18:57:54.589800 - 2026-04-09 18:57:55.634303

Open Ports:
